Simulated Spectral Output From CRREL Snow RTM
File Created: Fri Sep  9 07:25:00 2022
Short Description: 34mm Feb12 Observations - 85% diffuse
20000 photons used in simulation
Incident Zenith Angle = 60.93 Degrees
Incident Azimuth Angle = 65.24 Degrees
Slab Depth = 25.00 mm
Surface Boundary = False
Namelist Options:
- MasterPath:/Users/rdcrltwl/Desktop/Optical_Obs_Compare/
- LayerTops:25.0,5.0,0.0
- DepthUnits:mm
- WaveUnits:nm
- PropFileNames:Optical_Properties_Pit1_1_1.txt,Optical_Properties_Pit1_1_2.txt
- Fsoot:0.0,0.0,0.0,0.0
- Contaminate:diesel
- PhaseFunc:2.0
- MaterialPath:/Users/rdcrltwl/Desktop/NewRTM/crrel-snow-rtm/Materials/
- Asymmetry:0.87
- PhaseSamples:10000.0
- RussianRouletteThresh:0.02
- RussianRouletteWeight:6.0
- xSize:10.0
- ySize:10.0
- DiffuseFraction:0.85
------------------------------------------------------  
CSV Header Below this line
WaveLength,Albedo,Transmissivty,Absorption
400.000,0.867,0.133,0.000
420.000,0.869,0.131,0.000
440.000,0.863,0.137,0.000
460.000,0.869,0.130,0.000
480.000,0.863,0.136,0.000
500.000,0.863,0.137,0.000
520.000,0.860,0.140,0.000
540.000,0.864,0.135,0.001
560.000,0.862,0.137,0.001
580.000,0.864,0.135,0.001
600.000,0.867,0.131,0.002
620.000,0.865,0.132,0.003
640.000,0.861,0.135,0.004
660.000,0.864,0.131,0.005
680.000,0.860,0.134,0.006
700.000,0.862,0.130,0.008
720.000,0.863,0.127,0.010
740.000,0.865,0.122,0.012
760.000,0.857,0.126,0.017
780.000,0.850,0.126,0.024
800.000,0.845,0.124,0.031
820.000,0.845,0.123,0.032
840.000,0.845,0.122,0.033
860.000,0.835,0.120,0.045
880.000,0.824,0.110,0.066
900.000,0.818,0.104,0.078
920.000,0.814,0.102,0.084
940.000,0.807,0.098,0.095
960.000,0.791,0.089,0.120
980.000,0.767,0.074,0.159
1000.000,0.732,0.060,0.208
1020.000,0.702,0.047,0.251
1040.000,0.698,0.047,0.255
1060.000,0.719,0.055,0.226
1080.000,0.735,0.061,0.204
1100.000,0.737,0.062,0.202
1120.000,0.734,0.061,0.206
1140.000,0.714,0.052,0.234
1160.000,0.682,0.040,0.278
1180.000,0.629,0.024,0.347
1200.000,0.586,0.015,0.400
1220.000,0.524,0.007,0.472
1240.000,0.495,0.005,0.503
1260.000,0.486,0.004,0.513
1280.000,0.486,0.004,0.513
1300.000,0.492,0.004,0.507
1320.000,0.489,0.005,0.509
1340.000,0.495,0.004,0.504
1360.000,0.485,0.004,0.515
1380.000,0.473,0.003,0.527
1400.000,0.439,0.002,0.564
1420.000,0.276,0.000,0.731
1440.000,0.166,0.000,0.841
1460.000,0.108,0.000,0.900
1480.000,0.080,0.000,0.926
1500.000,0.072,0.000,0.933
1520.000,0.078,0.000,0.928
1540.000,0.083,0.000,0.924
1560.000,0.096,0.000,0.911
1580.000,0.104,0.000,0.903
