Simulated Spectral Output From CRREL Snow RTM
File Created: Thu Sep  8 20:49:29 2022
Short Description: 34mm Feb12 Observations - 85% diffuse
20000 photons used in simulation
Incident Zenith Angle = 60.93 Degrees
Incident Azimuth Angle = 65.24 Degrees
Slab Depth = 340.00 mm
Surface Boundary = False
Namelist Options:
- MasterPath:/Users/rdcrltwl/Desktop/Optical_Obs_Compare/
- LayerTops:340.0,320.0,300.0,280.0,0.0
- DepthUnits:mm
- WaveUnits:nm
- PropFileNames:Optical_Properties_Pit1_1_1.txt,Optical_Properties_Pit1_1_2.txt,Optical_Properties_Pit1_1_3.txt,Optical_Properties_Pit1_6_1.txt
- Fsoot:0.0,0.0,0.0,0.0
- Contaminate:diesel
- PhaseFunc:2.0
- MaterialPath:/Users/rdcrltwl/Desktop/NewRTM/crrel-snow-rtm/Materials/
- Asymmetry:0.87
- PhaseSamples:10000.0
- RussianRouletteThresh:0.02
- RussianRouletteWeight:6.0
- xSize:10.0
- ySize:10.0
- DiffuseFraction:0.85
------------------------------------------------------  
CSV Header Below this line
WaveLength,Albedo,Transmissivty,Absorption
400.000,0.989,0.011,0.000
420.000,0.989,0.010,0.000
440.000,0.989,0.010,0.001
460.000,0.990,0.008,0.001
480.000,0.988,0.010,0.002
500.000,0.987,0.009,0.004
520.000,0.985,0.008,0.007
540.000,0.983,0.007,0.010
560.000,0.978,0.006,0.016
580.000,0.975,0.005,0.020
600.000,0.974,0.003,0.023
620.000,0.967,0.003,0.031
640.000,0.963,0.002,0.036
660.000,0.959,0.001,0.040
680.000,0.956,0.001,0.044
700.000,0.948,0.000,0.052
720.000,0.942,0.000,0.058
740.000,0.936,0.000,0.064
760.000,0.924,0.000,0.076
780.000,0.915,0.000,0.085
800.000,0.903,0.000,0.098
820.000,0.901,0.000,0.099
840.000,0.901,0.000,0.100
860.000,0.879,0.000,0.121
880.000,0.859,0.000,0.142
900.000,0.847,0.000,0.154
920.000,0.839,0.000,0.162
940.000,0.832,0.000,0.169
960.000,0.803,0.000,0.198
980.000,0.775,0.000,0.226
1000.000,0.737,0.000,0.265
1020.000,0.699,0.000,0.303
1040.000,0.703,0.000,0.299
1060.000,0.723,0.000,0.279
1080.000,0.740,0.000,0.261
1100.000,0.742,0.000,0.259
1120.000,0.738,0.000,0.264
1140.000,0.714,0.000,0.288
1160.000,0.684,0.000,0.319
1180.000,0.629,0.000,0.373
1200.000,0.583,0.000,0.420
1220.000,0.522,0.000,0.482
1240.000,0.495,0.000,0.509
1260.000,0.479,0.000,0.525
1280.000,0.486,0.000,0.518
1300.000,0.485,0.000,0.519
1320.000,0.494,0.000,0.510
1340.000,0.491,0.000,0.514
1360.000,0.484,0.000,0.520
1380.000,0.469,0.000,0.535
1400.000,0.439,0.000,0.566
1420.000,0.274,0.000,0.733
1440.000,0.162,0.000,0.846
1460.000,0.106,0.000,0.901
1480.000,0.077,0.000,0.930
1500.000,0.073,0.000,0.933
1520.000,0.072,0.000,0.934
1540.000,0.081,0.000,0.925
1560.000,0.095,0.000,0.912
1580.000,0.103,0.000,0.904
