Simulated Spectral Output From CRREL Snow RTM
File Created: Fri Sep  9 07:07:42 2022
Short Description: 34mm Feb12 Observations - 85% diffuse
20000 photons used in simulation
Incident Zenith Angle = 60.93 Degrees
Incident Azimuth Angle = 65.24 Degrees
Slab Depth = 45.00 mm
Surface Boundary = False
Namelist Options:
- MasterPath:/Users/rdcrltwl/Desktop/Optical_Obs_Compare/
- LayerTops:45.0,25.0,5.0,0.0
- DepthUnits:mm
- WaveUnits:nm
- PropFileNames:Optical_Properties_Pit1_1_1.txt,Optical_Properties_Pit1_1_2.txt,Optical_Properties_Pit1_1_3.txt
- Fsoot:0.0,0.0,0.0,0.0
- Contaminate:diesel
- PhaseFunc:2.0
- MaterialPath:/Users/rdcrltwl/Desktop/NewRTM/crrel-snow-rtm/Materials/
- Asymmetry:0.87
- PhaseSamples:10000.0
- RussianRouletteThresh:0.02
- RussianRouletteWeight:6.0
- xSize:10.0
- ySize:10.0
- DiffuseFraction:0.85
------------------------------------------------------  
CSV Header Below this line
WaveLength,Albedo,Transmissivty,Absorption
400.000,0.925,0.075,0.000
420.000,0.922,0.078,0.000
440.000,0.923,0.077,0.000
460.000,0.924,0.076,0.000
480.000,0.921,0.079,0.000
500.000,0.924,0.075,0.000
520.000,0.923,0.076,0.001
540.000,0.922,0.077,0.001
560.000,0.919,0.079,0.002
580.000,0.922,0.075,0.003
600.000,0.923,0.074,0.004
620.000,0.919,0.076,0.005
640.000,0.917,0.076,0.007
660.000,0.919,0.072,0.009
680.000,0.915,0.073,0.011
700.000,0.913,0.072,0.015
720.000,0.908,0.072,0.020
740.000,0.908,0.069,0.023
760.000,0.900,0.068,0.032
780.000,0.894,0.063,0.044
800.000,0.889,0.058,0.053
820.000,0.887,0.058,0.055
840.000,0.889,0.055,0.056
860.000,0.875,0.051,0.074
880.000,0.851,0.044,0.105
900.000,0.842,0.038,0.121
920.000,0.838,0.035,0.128
940.000,0.831,0.031,0.138
960.000,0.812,0.024,0.165
980.000,0.776,0.016,0.209
1000.000,0.741,0.010,0.250
1020.000,0.711,0.006,0.284
1040.000,0.707,0.005,0.288
1060.000,0.728,0.008,0.265
1080.000,0.740,0.010,0.251
1100.000,0.742,0.010,0.248
1120.000,0.743,0.009,0.248
1140.000,0.720,0.007,0.274
1160.000,0.684,0.004,0.313
1180.000,0.627,0.001,0.374
1200.000,0.586,0.000,0.417
1220.000,0.527,0.000,0.477
1240.000,0.498,0.000,0.506
1260.000,0.491,0.000,0.513
1280.000,0.495,0.000,0.510
1300.000,0.496,0.000,0.508
1320.000,0.496,0.000,0.508
1340.000,0.498,0.000,0.506
1360.000,0.491,0.000,0.513
1380.000,0.477,0.000,0.527
1400.000,0.443,0.000,0.562
1420.000,0.279,0.000,0.728
1440.000,0.169,0.000,0.839
1460.000,0.112,0.000,0.895
1480.000,0.078,0.000,0.928
1500.000,0.077,0.000,0.929
1520.000,0.079,0.000,0.927
1540.000,0.086,0.000,0.921
1560.000,0.098,0.000,0.909
1580.000,0.105,0.000,0.902
