Optical Properties File Created From /Users/rdcrltwl/Desktop/UVD_microCT/Feb12/VTK/Pit1_10_3redo/Snow/FULL_Bottom/CRREL_MESH.vtk 
File Created on Wed Sep 22 13:54:07 2021 
Central Wavelength and refractive index: 900nm, 1.30 
Number of Photons used in Monte Carlo Sampling: 3500 
Advanced photon-tracking that allows for multiple re-intersections with the particle was used!
Phase function computed using "particle-oriented" approach with 35 grain samples and 3500 photons per grain 
Absorption included in phase function = True 
Sample Volume = 732.35 (mm^{3}) 
Estimated Sample Density = 232.06 (kg m^{-3}) 
Estimated Sample SSA = 12.85 (m^{2} kg^{-1}) 
Estimated Sample Grain Diameter = 0.51 (mm) 
Max Number Bounces allowed in phase function and Ice Path Sampling: 120 
Extinction Coefficient = 0.9932 (mm^{-1}) 
Estimated Asymmetry Parameter (g) = 0.63 (-) 
Mean fractional distance traveled in ice medium (Fice) = 0.417 
Median fractional distance traveled in ice medium (Fice) = 0.393 
Standard Deviation fractional distance traveled in ice medium (Fice) = 0.212 
Number of bins in phase function = 180 
Angular Bin Size (radians) = 0.01755------------------------------------------------------  
Theta (radians), Phase Function
0.0124, 43.4301 
0.0277, 24.7093 
0.0447, 24.5373 
0.0621, 23.0586 
0.0795, 23.8967 
0.0969, 22.8058 
0.1144, 20.1293 
0.1319, 19.5384 
0.1494, 19.2868 
0.1670, 15.5139 
0.1845, 16.1892 
0.2020, 15.0071 
0.2196, 13.7325 
0.2371, 11.6330 
0.2546, 9.8398 
0.2722, 10.6624 
0.2897, 9.3143 
0.3073, 7.4545 
0.3248, 7.2248 
0.3423, 7.0341 
0.3599, 6.4000 
0.3774, 5.5040 
0.3950, 5.4433 
0.4125, 4.6560 
0.4301, 4.0221 
0.4476, 3.5907 
0.4652, 3.7955 
0.4827, 3.1093 
0.5003, 2.9733 
0.5178, 2.6128 
0.5354, 2.2943 
0.5529, 2.3132 
0.5705, 1.6555 
0.5880, 1.7161 
0.6056, 1.7085 
0.6231, 1.7691 
0.6407, 1.3682 
0.6582, 1.2739 
0.6758, 1.1720 
0.6933, 0.9885 
0.7109, 1.1651 
0.7284, 1.1082 
0.7460, 0.8716 
0.7635, 0.8764 
0.7810, 0.7672 
0.7986, 0.6530 
0.8161, 0.8379 
0.8337, 0.7171 
0.8512, 0.8074 
0.8688, 0.6468 
0.8863, 0.5813 
0.9039, 0.6466 
0.9214, 0.6357 
0.9390, 0.6305 
0.9565, 0.5763 
0.9741, 0.7953 
0.9916, 0.7510 
1.0092, 0.7684 
1.0267, 0.7687 
1.0443, 0.6642 
1.0618, 0.5968 
1.0794, 0.7745 
1.0969, 0.6671 
1.1145, 0.5524 
1.1320, 0.6055 
1.1496, 0.5179 
1.1671, 0.5107 
1.1847, 0.7305 
1.2022, 0.5194 
1.2198, 0.8987 
1.2373, 0.6689 
1.2549, 0.5295 
1.2724, 0.7087 
1.2900, 0.5770 
1.3075, 0.6367 
1.3251, 0.5910 
1.3426, 0.5475 
1.3602, 0.4738 
1.3777, 0.5540 
1.3953, 0.5618 
1.4128, 0.5701 
1.4304, 0.4831 
1.4479, 0.4504 
1.4655, 0.4398 
1.4830, 0.4926 
1.5006, 0.4163 
1.5181, 0.5161 
1.5357, 0.3709 
1.5532, 0.3887 
1.5708, 0.3381 
1.5883, 0.3259 
1.6059, 0.4857 
1.6234, 0.3623 
1.6410, 0.4737 
1.6585, 0.3865 
1.6761, 0.2252 
1.6936, 0.3230 
1.7112, 0.4058 
1.7287, 0.3460 
1.7463, 0.3444 
1.7638, 0.3636 
1.7814, 0.3374 
1.7989, 0.2615 
1.8165, 0.2884 
1.8340, 0.3741 
1.8516, 0.3398 
1.8691, 0.2424 
1.8867, 0.2917 
1.9042, 0.2727 
1.9218, 0.3661 
1.9393, 0.3680 
1.9569, 0.2637 
1.9744, 0.2137 
1.9920, 0.2269 
2.0095, 0.1962 
2.0271, 0.3093 
2.0446, 0.3047 
2.0622, 0.2598 
2.0797, 0.2111 
2.0973, 0.3375 
2.1148, 0.2576 
2.1324, 0.2478 
2.1499, 0.3027 
2.1675, 0.1696 
2.1850, 0.1785 
2.2026, 0.2257 
2.2201, 0.1922 
2.2377, 0.3132 
2.2552, 0.2407 
2.2728, 0.1715 
2.2903, 0.1577 
2.3079, 0.2810 
2.3254, 0.2180 
2.3430, 0.2770 
2.3605, 0.2168 
2.3781, 0.1768 
2.3956, 0.2005 
2.4132, 0.1852 
2.4307, 0.2937 
2.4483, 0.2042 
2.4658, 0.2075 
2.4834, 0.1509 
2.5009, 0.1146 
2.5185, 0.2653 
2.5360, 0.1179 
2.5536, 0.1919 
2.5711, 0.1898 
2.5887, 0.2437 
2.6062, 0.1848 
2.6238, 0.2831 
2.6413, 0.2327 
2.6589, 0.2796 
2.6764, 0.1704 
2.6940, 0.1195 
2.7115, 0.2810 
2.7291, 0.2904 
2.7466, 0.2184 
2.7642, 0.2570 
2.7817, 0.1493 
2.7992, 0.2237 
2.8168, 0.3815 
2.8343, 0.1182 
2.8519, 0.2305 
2.8694, 0.2265 
2.8870, 0.2923 
2.9045, 0.1185 
2.9220, 0.2230 
2.9396, 0.1831 
2.9571, 0.0664 
2.9746, 0.2735 
2.9922, 0.1241 
3.0097, 0.0994 
3.0272, 0.1888 
3.0447, 0.0466 
3.0621, 0.2505 
3.0795, 0.3036 
3.0968, 0.1177 
3.1138, 0.7982 
3.1292, 1.2168 
