Optical Properties File Created From /Users/rdcrltwl/Desktop/UVD_microCT/Feb12/VTK/Pit1_2_4/Snow/FULL/CRREL_MESH.vtk 
File Created on Mon Dec  6 16:01:49 2021 
Central Wavelength and refractive index: 1000nm, 1.30 
Number of Photons used in Monte Carlo Sampling: 2000 
Advanced photon-tracking that allows for multiple re-intersections with the particle was used!
Computed at Boundaries!Sample Volume = 1001.16 (mm^{3}) 
Estimated Sample Density = 263.31 (kg m^{-3}) 
Estimated Sample SSA = 19.29 (m^{2} kg^{-1}) 
Estimated Sample Grain Diameter = 0.34 (mm) 
Max Number Bounces allowed in phase function and Ice Path Sampling: 120 
Extinction Coefficient = 2.8698 (mm^{-1}) 
Estimated Asymmetry Parameter (g) = nan (-) 
Estimated Single Scattering Albedo = nan (-)
Estimated Absorption Coefficient = nan (mm^{-1})
Mean fractional distance traveled in ice medium (Fice) = 0.491 
Median fractional distance traveled in ice medium (Fice) = 0.448 
Standard Deviation fractional distance traveled in ice medium (Fice) = 0.221 
Number of bins in phase function = 180 
Angular Bin Size (radians) = 0.01750------------------------------------------------------  
Theta (radians), Phase Function
0.0124, 120.5720 
0.0277, 75.0745 
0.0447, 61.8483 
0.0621, 54.0927 
0.0795, 48.6034 
0.0969, 44.9965 
0.1144, 37.4211 
0.1319, 31.8815 
0.1494, 30.8863 
0.1670, 24.4678 
0.1845, 22.7085 
0.2020, 19.1992 
0.2196, 17.1136 
0.2371, 14.5944 
0.2546, 13.0716 
0.2722, 11.6871 
0.2897, 10.3958 
0.3073, 8.5817 
0.3248, 8.1128 
0.3423, 7.0779 
0.3599, 6.4807 
0.3774, 5.3664 
0.3950, 4.9248 
0.4125, 4.1141 
0.4301, 4.0727 
0.4476, 3.4296 
0.4652, 3.1410 
0.4827, 2.8451 
0.5003, 2.6858 
0.5178, 2.2047 
0.5354, 2.2637 
0.5529, 1.8995 
0.5705, 1.8622 
0.5880, 1.5702 
0.6056, 1.3059 
0.6231, 1.1548 
0.6407, 1.1088 
0.6582, 1.0158 
0.6758, 0.9488 
0.6933, 0.8793 
0.7109, 0.8955 
0.7284, 0.6837 
0.7460, 0.7946 
0.7635, 0.7175 
0.7810, 0.7653 
0.7986, 0.6399 
0.8161, 0.6967 
0.8337, 0.6622 
0.8512, 0.7057 
0.8688, 0.6527 
0.8863, 0.6035 
0.9039, 0.7213 
0.9214, 0.6518 
0.9390, 0.6724 
0.9565, 0.6636 
0.9741, 0.5742 
0.9916, 0.6819 
1.0092, 0.5754 
1.0267, 0.5341 
1.0443, 0.6686 
1.0618, 0.5888 
1.0794, 0.6705 
1.0969, 0.5473 
1.1145, 0.6098 
1.1320, 0.5574 
1.1496, 0.5752 
1.1671, 0.6455 
1.1847, 0.5387 
1.2022, 0.5821 
1.2198, 0.5298 
1.2373, 0.4985 
1.2549, 0.4838 
1.2724, 0.6242 
1.2900, 0.4511 
1.3075, 0.5497 
1.3251, 0.5054 
1.3426, 0.5452 
1.3602, 0.5586 
1.3777, 0.5404 
1.3953, 0.3556 
1.4128, 0.2463 
1.4304, 0.1718 
1.4479, 0.1479 
1.4655, 0.1096 
1.4830, 0.0847 
1.5006, 0.0830 
1.5181, 0.0703 
1.5357, 0.0534 
1.5532, 0.0619 
1.5708, 0.0562 
1.5883, 0.0513 
1.6059, 0.0416 
1.6234, 0.0461 
1.6410, 0.0427 
1.6585, 0.0355 
1.6761, 0.0323 
1.6936, 0.0299 
1.7112, 0.0295 
1.7287, 0.0252 
1.7463, 0.0276 
1.7638, 0.0283 
1.7814, 0.0268 
1.7989, 0.0220 
1.8165, 0.0212 
1.8340, 0.0221 
1.8516, 0.0189 
1.8691, 0.0205 
1.8867, 0.0223 
1.9042, 0.0192 
1.9218, 0.0179 
1.9393, 0.0197 
1.9569, 0.0164 
1.9744, 0.0216 
1.9920, 0.0188 
2.0095, 0.0164 
2.0271, 0.0189 
2.0446, 0.0169 
2.0622, 0.0157 
2.0797, 0.0184 
2.0973, 0.0147 
2.1148, 0.0152 
2.1324, 0.0139 
2.1499, 0.0156 
2.1675, 0.0151 
2.1850, 0.0155 
2.2026, 0.0160 
2.2201, 0.0152 
2.2377, 0.0165 
2.2552, 0.0165 
2.2728, 0.0165 
2.2903, 0.0173 
2.3079, 0.0143 
2.3254, 0.0159 
2.3430, 0.0166 
2.3605, 0.0164 
2.3781, 0.0119 
2.3956, 0.0148 
2.4132, 0.0150 
2.4307, 0.0147 
2.4483, 0.0144 
2.4658, 0.0154 
2.4834, 0.0169 
2.5009, 0.0169 
2.5185, 0.0163 
2.5360, 0.0156 
2.5536, 0.0157 
2.5711, 0.0145 
2.5887, 0.0173 
2.6062, 0.0198 
2.6238, 0.0123 
2.6413, 0.0123 
2.6589, 0.0131 
2.6764, 0.0162 
2.6940, 0.0144 
2.7115, 0.0147 
2.7291, 0.0153 
2.7466, 0.0160 
2.7642, 0.0160 
2.7817, 0.0177 
2.7992, 0.0165 
2.8168, 0.0187 
2.8343, 0.0163 
2.8519, 0.0149 
2.8694, 0.0133 
2.8870, 0.0135 
2.9045, 0.0181 
2.9220, 0.0149 
2.9396, 0.0195 
2.9571, 0.0204 
2.9746, 0.0138 
2.9922, 0.0149 
3.0097, 0.0227 
3.0272, 0.0142 
3.0447, 0.0106 
3.0621, 0.0150 
3.0795, 0.0110 
3.0968, 0.0190 
3.1138, 0.0154 
3.1292, 0.0206 
